12 0 2 0 12 3 12 8 9 12 5 0 12 0 12 8 12 11 12 1 12 7 12 2 12 11 12 2 12 9 8 12 1 12 1 12 1 12 0 12 11
11 12 0 2 0 12 3 12 2 12 8 9 12 5 0 12 0 12 11 12 0 12 1 12 1 12 11 12 2 0 12 1 12 1 12 1 12 9 12 9 12 2 0 12 0 12 11
12 0 2 12 3 12 0 12 3 12 2 12 8 9 12 1 12 8 12 7 12 1 12 1 12 0 5 0 12 0 12 1 12 11 12 11 2 0 12 11 12 1 12 1 12 9 7 12 9 8 12 1 12 8 12 1 12 1
12 0 2 0 12 3 12 3 12 1 12 3 12 2 12 3 12 8 9 12 2 0 12 0 5 0 12 1 12 11 12 1 12 7 12 8 12 8 12 2 0 12 11 12 9 7 12
12 1 12 0 12 1 12 0 2 12 3 12 2 12 8 9 12 1 12 0 5 12 0 2 0 12 0 12 8 9 12 8 12 2 12 2 0 12 8 12 7 12 7 12 7 12 2 0 12 1 12 11 12 2 0 12 1 12 8 9 12 1 12 0 12 7 12 0 12 1 12 2 12 1
12 0 12 3 12 8 9 8 12 0 2 0 12 11 12 8 12 11 12 8 12 2 12 7 8 7 12 1 12 2 12 1 12 1 12 1 12 1 12 2 12 1 12 9 12 0 12 1
11 12 1 12 3 12 2 12 8 9 8 12 5 0 12 11 12 1 12 11 12 7 12 2 0 12 0 12 1 12 1 12 1 12 11 12 8 12 0 12 9 12 0 12 1
12 2 12 3 12 2 12 8 9 8 12 1 12 0 5 2 0 12 0 12 1 12 0 12 2 0 12 11 12 2 12 8 9 8 12 1 12 1 12 9 8 7 12 0 12 8 12 1
12 3 12 0 12 3 12 8 12 2 12 0 12 0 12 0 12 0 2 12 11 12 8 12 1 12 2 0 12 1 12 8 12 1 12 1 12 2 0 12 1 12 8 12
11 12 0 12 2 12 3 12 2 12 8 12 8 12 0 12 0 2 0 12 1 12 1 12 11 12 8 12 1 12 8 12 1 12 2 0 12 2 0 11 12 1 12 2 12 1 12 8 12 11 12 8 12 1 12 2 12 0 12 0
11 12 0 2 0 12 3 12 2 12 8 12 1 12 0 12 8 12 1 12 2 12 1 12 0 5 0 12 1 12 11 12 1 12 8 12 1 12 0 2 0 12 11
12 1 12 2 12 3 12 2 12 3 12 2 12 8 12 5 0 12 0 2 12 11 12 8 12 1 12 1 12 11 2 12 1 12 11
12 0 12 1 12 3 12 2 0 12 2 0 2 12 8 12 1 12 11 2 12 1 12 8 12 8 12 11 12 2 12 1 12 8 12 1 12 1
1 12 0 12 3 12 8 12 2 12 1 12 8 12 5 0 12 0 2 12 1 12 0 12 11 12 2 0 12 2 0 12 1 12 8 12 2 12 8 12 8 12 1
11 12 8 12 2 0 12 1 12 0 12 3 12 2 12 8 12 0 12 0 12 11 12 8 12 0 12 1 12 2 12 1 12 2 12 1 12 8 12 1 12 11 2 12
11 12 8 12 0 12 3 12 3 12 2 12 8 7 12 7 12 1 12 8 12 0 12 1 12 1 12 2 12 8 12 8 12 7 12 1 12 8 12 1 12 0 2 12 11
12 0 12 2 0 12 3 12 2 12 8 12 1 12 0 2 0 11 12 1 12 1 12 7 12 1 12 8 12 1 12 1 12 2 12 11
12 1 12 2 12 3 12 2 12 8 12 0 12 8 12 1 12 2 12 8 12 7 12 8 12 1 12 2 12 11 12 1 12 1 12 1
12 0 12 2 0 12 3 12 2 12 0 5 0 12 0 12 8 12 11 12 2 12 8 12 8 12 8 12 2 12 1 12 0 12 11
11 12 0 12 2 12 3 12 2 12 3 12 2 12 8 12 2 0 12 0 12 8 12 11 12 8 12 8 12 8 12 1 12 2 12 2 12 1 12 0 12 1
12 2 12 3 12 3 12 2 12 0 12 8 7 12 8 12 0 5 0 12 1 12 0 12 2 0 12 1 12 8 12 1 12 8 12 2 12 1 12 1 12 8 12 1
