0 1 2 3 2 4 0 4 5 6 7 8 9 1 7 10 9 8 7 8 1 0 2 1 0 11 0 2 1 11 8 7 8 7 8 2 1 11 1 0 1
2 0 3 2 0 4 0 5 6 7 8 9 1 7 10 9 8 1 0 1 2 0 1 0 1 8 0 1
3 4 0 2 5 8 7 6 8 7 10 9 0 1 0 2 11 8 1 2 8 7 10 7 8 0 1 0 1 8 1
3 2 0 4 5 7 6 8 9 4 0 2 1 8 1 2 0 7 10 9 7 8 7 8 0 1 2 7 1 0 2 1 11 1
0 3 2 0 5 1 7 8 6 9 8 1 0 11 8 7 10 9 8 7 0 2 1 2 1 11 1 8 1 0 2 1 0 2 0 1
3 2 4 0 5 8 7 9 6 1 2 11 1 8 1 0 1 2 0 8 1 2 0 1
3 2 4 0 5 0 6 7 8 9 1 0 1 0 11 1 11 1 2 1
0 1 0 3 2 0 4 5 7 8 6 9 1 8 10 9 8 1 0 1 2 1 8 1 2 1
3 2 4 0 5 6 7 8 9 1 0 10 9 8 1 2 0 11 8 1 2 1 0 1
0 1 3 2 4 0 4 0 5 7 6 7 8 9 10 1 0 11 1 0 11
11 1 0 3 2 0 5 6 7 8 9 1 7 10 7 8 2 0 1
3 0 2 4 0 5 6 7 8 10 9 1 0 11 1 0 1 0 1
0 3 2 4 0 5 6 7 8 10 9 1 0 11 1 2 1 0 1 11 8 1 0 1
3 2 5 7 8 9 6 0 4 1 8 1 2 0 1 10 7 8 1 2 0 8 1 0 2 1 2 1 2 0 11 1 8 0 1
