1 5 8
1 5 1 1
1 5 1 9
1 5 1 8
1 5 1 5 8
1 5 1 5 6
1 5 1 5 1 6
1 5 1 5 9
1 5 1 5 5 8
1 5 1 5 5 9
1 5 1 4 8
1 5 1 4 6
1 5 1 4 5 8
1 5 1 4 5 5 8
1 5 1 4 1 6
1 5 1 6 8
1 5 9
1 5 5 8
1 5 5 1 9
1 5 5 9
1 5 5 5 8
1 5 5 5 9
1 5 4 8
1 5 4 5 8
1 5 4 5 5 8
1 5 4 5 1 8
1 5 4 5 1 6
1 5 4 5 1 5 8
1 5 4 4 1
1 5 4 4 8
1 5 4 4 6
1 5 4 4 5 8
1 5 4 4 5 6
1 5 4 4 5 5 5
1 5 4 4 5 5 8
1 5 4 1 4
1 5 4 1 8
1 5 4 1 6
1 5 4 1 5 8
1 5 4 1 5 5 8
1 5 6 8
1 5 6 5 8
1 4 0
1 4 8
1 4 1 1
1 4 1 9
1 4 1 0
1 4 1 8
1 4 1 6
1 4 1 5 8
1 4 1 5 6
1 4 1 5 1 1
1 4 1 5 1 8
1 4 1 5 1 6
1 4 1 5 1 5 4
1 4 1 5 1 5 8
1 4 1 5 1 5 6
1 4 1 5 1 5 5 5
1 4 1 5 1 5 5 4
1 4 1 5 1 5 5 1
1 4 1 5 1 5 5 8
1 4 1 5 9
1 4 1 5 5 8
1 4 1 5 5 6
1 4 1 5 5 5 1
1 4 1 5 5 5 8
1 4 1 5 4 1 4
1 4 1 4 4
1 4 1 4 1
1 4 1 4 9
1 4 1 4 8
1 4 1 4 7
1 4 1 4 6
1 4 1 4 5 1
1 4 1 4 5 9
1 4 1 4 5 8
1 4 1 4 5 6
1 4 1 4 5 5 5
1 4 1 4 5 5 1
1 4 1 4 5 5 8
1 4 1 4 5 5 6
1 4 1 4 5 4 1
1 4 1 4 5 4 8
1 4 1 4 5 4 6
1 4 1 4 5 4 5 8
1 4 1 3 1
1 4 1 3 8
1 4 1 3 6
1 4 1 3 5 1
1 4 1 3 5 8
1 4 1 3 5 6
1 4 1 3 5 5 6
1 4 1 3 4 4
1 4 1 3 4 1
1 4 1 3 4 8
1 4 1 3 4 6
1 4 1 3 4 5 1
1 4 1 3 4 5 6
1 4 9
1 4 5 8
1 4 5 1 1
1 4 5 1 9
1 4 5 1 8
1 4 5 1 5 8
1 4 5 1 5 9
1 4 5 1 5 5 8
1 4 5 1 4 8
1 4 5 1 4 6
1 4 5 1 4 5 8
1 4 5 1 4 5 5 8
1 4 5 1 6 8
1 4 5 9
1 4 5 5 8
1 4 5 5 9
1 4 5 5 5 8
1 4 5 4 8
1 4 5 4 5 8
1 4 5 4 5 5 8
1 4 5 4 4 1
1 4 5 4 4 8
1 4 5 4 4 6
1 4 5 4 4 5 8
1 4 5 4 4 5 5 5
1 4 5 4 4 5 5 8
1 4 5 4 1 4
1 4 5 4 1 8
1 4 5 4 1 6
1 4 5 4 1 5 8
1 4 5 4 1 5 5 8
1 4 5 6 8
1 4 5 6 5 8
1 4 4 8
1 4 4 6
1 4 4 1 4
1 4 4 1 1
1 4 4 1 8
1 4 4 1 6
1 4 4 1 5 5
1 4 4 1 5 4
1 4 4 1 5 1
1 4 4 1 5 8
1 4 4 1 5 6
1 4 4 9
1 4 4 5 8
1 4 4 5 6
1 4 4 5 1 4
1 4 4 5 1 1
1 4 4 5 1 8
1 4 4 5 1 6
1 4 4 5 1 5 1
1 4 4 5 1 5 8
1 4 4 5 1 5 6
1 4 4 5 1 5 5 5
1 4 4 5 1 5 5 1
1 4 4 5 1 5 5 8
1 4 4 5 9
1 4 4 5 5 8
1 4 4 5 5 6
1 4 4 5 5 5 5
1 4 4 5 5 5 1
1 4 4 5 5 5 8
1 4 4 5 4 8
1 4 4 5 4 5 8
1 4 4 5 4 1 4
1 4 4 4 4
1 4 4 4 1
1 4 4 4 9
1 4 4 4 8
1 4 4 4 6
1 4 4 4 5 5
1 4 4 4 5 4
1 4 4 4 5 1
1 4 4 4 5 9
1 4 4 4 5 8
1 4 4 4 5 6
1 4 4 7 8
1 4 3 8
1 4 3 5 8
1 4 3 5 5 8
1 4 3 5 5 5 8
1 4 3 5 1 1
1 4 3 5 1 8
1 4 3 5 1 5 8
1 4 3 5 1 5 5 8
1 4 3 4 8
1 4 3 4 5 8
1 4 3 4 5 5 8
1 4 3 4 5 5 5 1
1 4 3 4 5 5 5 8
1 4 3 4 5 1 4
1 4 3 4 5 1 1
1 4 3 4 5 1 8
1 4 3 4 5 1 5 8
1 4 3 4 4 4
1 4 3 4 4 1
1 4 3 4 4 8
1 4 3 4 4 6
1 4 3 4 4 5 4
1 4 3 4 4 5 1
1 4 3 4 4 5 8
1 4 3 4 4 5 6
1 4 3 4 4 5 5 5
1 4 3 4 4 5 5 1
1 4 3 4 4 5 5 8
1 4 3 4 1 4
1 4 3 4 1 1
1 4 3 4 1 8
1 4 3 4 1 6
1 4 3 4 1 5 8
1 4 3 4 1 5 5 1
1 4 3 4 1 5 5 8
1 4 3 4 6 1
1 4 3 4 6 8
1 4 3 4 6 5 8
1 4 3 1 1
1 4 3 1 8
1 4 3 1 6
1 4 3 1 5 1
1 4 3 1 5 8
1 4 3 1 5 6
1 4 3 1 5 5 8
1 4 3 1 4 1
1 4 3 1 4 8
1 4 3 1 4 6
1 4 3 1 4 5 8
1 4 3 1 4 5 5 8
1 4 3 7 8
1 4 3 6 1
1 4 3 6 8
1 4 3 6 5 8
1 4 6 1
1 4 6 8
1 4 6 6
1 4 6 5 5
1 4 6 5 8
1 1 0
1 1 8
1 1 1 4
1 1 1 1
1 1 1 9
1 1 1 8
1 1 1 3
1 1 1 6
1 1 1 5 4
1 1 1 5 1
1 1 1 5 9
1 1 1 5 8
1 1 1 5 6
1 1 1 5 5 5
1 1 1 5 5 1
1 1 1 5 5 8
1 1 1 5 5 6
1 1 1 7 1
1 1 9
1 1 5 8
1 1 5 1 1
1 1 5 1 9
1 1 5 1 8
1 1 5 1 6
1 1 5 1 5 1
1 1 5 1 5 9
1 1 5 1 5 8
1 1 5 1 5 6
1 1 5 1 5 5 4
1 1 5 1 5 5 8
1 1 5 1 4 1
1 1 5 1 4 8
1 1 5 1 4 6
1 1 5 1 4 5 8
1 1 5 1 4 5 5 5
1 1 5 1 4 5 5 8
1 1 5 9
1 1 5 5 8
1 1 5 5 6
1 1 5 5 9
1 1 5 5 5 8
1 1 5 4 8
1 1 5 4 5 8
1 1 5 4 5 5 8
1 1 5 4 4 1
1 1 5 4 4 8
1 1 5 4 4 6
1 1 5 4 4 5 8
1 1 5 4 4 5 5 5
1 1 5 4 4 5 5 8
1 1 5 4 1 4
1 1 5 4 1 8
1 1 5 4 1 6
1 1 5 4 1 5 8
1 1 5 6 8
1 1 5 6 5 8
1 1 4 8
1 1 4 1 1
1 1 4 1 9
1 1 4 1 8
1 1 4 1 6
1 1 4 1 5 1
1 1 4 1 5 9
1 1 4 1 5 8
1 1 4 1 5 6
1 1 4 1 5 5 5
1 1 4 1 5 5 4
1 1 4 1 5 5 1
1 1 4 1 5 5 8
1 1 4 1 5 5 6
1 1 4 1 5 4 8
1 1 4 1 5 4 6
1 1 4 1 4 4
1 1 4 1 4 1
1 1 4 1 4 8
1 1 4 1 4 6
1 1 4 1 4 5 1
1 1 4 1 4 5 8
1 1 4 1 4 5 6
1 1 4 1 4 5 5 5
1 1 4 1 4 5 5 1
1 1 4 1 4 5 5 8
1 1 4 9
1 1 4 5 8
1 1 4 5 1 1
1 1 4 5 1 9
1 1 4 5 1 8
1 1 4 5 1 6
1 1 4 5 1 5 8
1 1 4 5 1 5 6
1 1 4 5 1 5 9
1 1 4 5 1 5 5 8
1 1 4 5 1 4 8
1 1 4 5 1 4 6
1 1 4 5 1 4 5 8
1 1 4 5 1 4 5 5 8
1 1 4 5 9
1 1 4 5 5 8
1 1 4 5 5 6
1 1 4 5 5 9
1 1 4 5 5 5 8
1 1 4 5 6 1
1 1 4 5 6 8
1 1 4 5 6 5 8
1 1 4 5 4 4 8
1 1 4 5 4 4 5 8
1 1 4 5 4 4 5 5 5
1 1 4 5 4 4 5 5 8
1 1 4 5 4 1 4
1 1 4 5 4 5 5 8
1 1 4 4 1
1 1 4 4 8
1 1 4 4 6
1 1 4 4 5 8
1 1 4 4 5 6
1 1 4 4 5 5 8
1 1 4 4 5 5 6
1 1 4 4 5 5 5 8
1 1 4 4 5 4 8
1 1 4 4 5 1 4
1 1 4 4 5 1 1
1 1 4 4 5 1 8
1 1 4 4 5 1 6
1 1 4 4 5 1 5 8
1 1 4 4 4 5
1 1 4 4 4 4
1 1 4 4 4 1
1 1 4 4 4 8
1 1 4 4 4 6
1 1 4 6 1
1 1 4 6 8
1 1 4 6 6
1 1 4 6 5 5
1 1 4 6 5 8
1 1 3 8
1 1 3 4 7
1 1 3 4 4 4
1 1 3 4 4 1
1 1 3 4 4 8
1 1 3 4 4 6
1 1 3 4 4 5 4
1 1 3 4 4 5 1
1 1 3 4 4 5 8
1 1 3 4 4 5 6
1 1 3 4 4 5 5 5
1 1 3 4 4 5 5 8
1 1 3 4 1 8
1 1 3 4 1 6
1 1 3 4 1 5 6
1 1 3 4 1 4 6
1 1 3 4 1 1 6
1 1 3 4 8 4
1 1 3 4 8 1
1 1 3 4 8 8
1 1 3 4 8 6
1 1 3 4 8 5 6
1 1 3 4 6 1
1 1 3 4 6 8
1 1 3 4 5 5 6
1 1 3 4 5 5 5 8
1 1 3 4 5 1 6
1 1 3 4 5 6 1
1 1 3 1 1
1 1 3 1 8
1 1 3 1 6
1 1 3 1 5 6
1 1 3 1 5 1 6
1 1 3 1 4 8
1 1 3 1 4 6
1 1 3 6 1
1 1 3 6 8
1 1 3 6 6
1 1 3 6 5 8
1 1 3 5 5 6
1 1 3 5 1 8
1 1 3 5 1 6
1 1 3 5 1 5 6
1 1 3 5 1 4 6
1 1 3 5 8 6
1 1 3 5 6 8
1 1 6 1
1 1 6 8
1 1 6 6
1 1 6 5 5
1 1 6 5 8
1 0 8
1 0 1 8
1 0 1 1 1
1 0 1 1 9
1 0 1 1 8
1 0 1 1 6
1 0 1 1 5 1
1 0 1 1 5 9
1 0 1 1 5 8
1 0 1 1 5 6
1 0 1 1 5 5 4
1 0 1 1 5 5 1
1 0 1 1 5 5 8
1 0 1 1 5 5 6
1 0 1 1 5 5 5 5
1 0 1 1 4 4
1 0 1 1 4 1
1 0 1 1 4 8
1 0 1 1 4 6
1 0 1 1 4 5 5
1 0 1 1 4 5 1
1 0 1 1 4 5 8
1 0 1 9
1 0 1 5 8
1 0 1 5 1 1
1 0 1 5 1 9
1 0 1 5 1 8
1 0 1 5 1 6
1 0 1 5 1 5 8
1 0 1 5 1 5 6
1 0 1 5 1 4 8
1 0 1 5 1 4 6
1 0 1 5 9
1 0 1 5 5 8
1 0 1 5 5 6
1 0 1 5 5 9
1 0 1 5 6 8
1 0 1 5 6 5 8
1 0 1 5 4 5 5 8
1 0 1 4 8
1 0 1 4 1 1
1 0 1 4 1 9
1 0 1 4 1 8
1 0 1 4 1 6
1 0 1 4 1 5 1
1 0 1 4 1 5 8
1 0 1 4 1 5 6
1 0 1 4 1 5 5 8
1 0 1 4 1 5 5 6
1 0 1 4 1 4 1
1 0 1 4 1 4 8
1 0 1 4 1 4 6
1 0 1 4 1 4 5 8
1 0 1 4 1 4 5 5 5
1 0 1 4 1 4 5 5 8
1 0 1 4 9
1 0 1 4 5 8
1 0 1 4 5 1 8
1 0 1 4 5 1 9
1 0 1 4 5 9
1 0 1 4 5 5 8
1 0 1 4 5 5 9
1 0 1 4 4 1
1 0 1 4 4 8
1 0 1 4 4 6
1 0 1 4 4 5 6
1 0 1 4 4 5 5 8
1 0 1 4 4 5 5 5 8
1 0 1 4 4 5 1 4
1 0 1 4 4 5 1 6
1 0 1 4 4 4 4
1 0 1 4 4 4 1
1 0 1 4 4 4 8
1 0 1 4 4 4 5 4
1 0 1 4 4 4 5 1
1 0 1 4 4 4 5 8
1 0 1 4 4 4 5 5 5
1 0 1 4 4 4 5 5 8
1 0 1 4 4 4 6 5
1 0 1 4 4 4 6 4
1 0 1 4 4 4 6 1
1 0 1 4 4 4 6 8
1 0 1 4 6 1
1 0 1 4 6 8
1 0 1 4 6 6
1 0 1 4 6 5 8
1 0 1 4 6 5 5 8
1 0 1 6 1
1 0 1 6 8
1 0 1 6 6
1 0 1 6 5 8
1 0 1 6 5 5 8
1 0 1 3 1 1
1 0 1 3 1 8
1 0 1 3 1 6
1 0 1 3 1 5 6
1 0 1 3 1 5 1 6
1 0 1 3 1 4 8
1 0 1 3 1 4 6
1 0 1 3 8 1
1 0 1 3 8 8
1 0 1 3 8 6
1 0 1 3 6 1
1 0 1 3 6 8
1 0 1 3 4 4 4
1 0 1 3 4 4 1
1 0 1 3 4 4 8
1 0 1 3 4 4 6
1 0 1 3 4 4 5 4
1 0 1 3 4 4 5 1
1 0 1 3 4 4 5 8
1 0 1 3 4 4 5 6
1 0 1 3 4 4 5 5 5
1 0 1 3 4 4 5 5 8
1 0 1 3 4 1 6
1 0 1 3 4 1 5 6
1 0 1 3 4 1 4 6
1 0 1 3 4 1 1 6
1 0 1 3 4 8 4
1 0 1 3 4 8 8
1 0 1 3 4 8 6
1 0 1 3 4 8 1 6
1 0 1 3 4 6 1
1 0 1 3 4 6 8
1 0 1 3 4 5 5 6
1 0 1 3 4 5 5 5 8
1 0 1 3 4 5 1 6
1 0 1 3 5 1 5 6
1 0 9
1 0 5 8
1 0 5 1 1
1 0 5 1 9
1 0 5 1 8
1 0 5 1 5 8
1 0 5 1 5 6
1 0 5 1 5 9
1 0 5 1 5 5 8
1 0 5 1 4 8
1 0 5 1 4 6
1 0 5 1 4 5 8
1 0 5 1 4 5 5 8
1 0 5 9
1 0 5 5 8
1 0 5 5 9
1 0 5 5 5 8
1 0 5 6 8
1 0 5 6 5 8
1 0 5 4 1 4
1 0 5 4 5 5 8
1 0 4 8
1 0 4 1 1
1 0 4 1 9
1 0 4 1 8
1 0 4 1 6
1 0 4 1 5 8
1 0 4 1 5 6
1 0 4 1 5 5 8
1 0 4 1 5 5 6
1 0 4 1 5 1 6
1 0 4 1 4 1
1 0 4 1 4 9
1 0 4 1 4 8
1 0 4 1 4 6
1 0 4 1 4 5 1
1 0 4 1 4 5 8
1 0 4 1 4 5 5 8
1 0 4 1 4 5 5 5 5
1 0 4 9
1 0 4 5 8
1 0 4 5 1 8
1 0 4 5 1 9
1 0 4 5 9
1 0 4 5 5 8
1 0 4 5 5 9
1 0 4 5 6 8
1 0 4 4 1
1 0 4 4 9
1 0 4 4 8
1 0 4 4 6
1 0 4 4 5 8
1 0 4 4 5 6
1 0 4 4 5 1 4
1 0 4 4 5 1 1
1 0 4 4 5 1 8
1 0 4 4 5 1 6
1 0 4 4 5 1 5 8
1 0 4 4 5 9
1 0 4 4 5 5 8
1 0 4 4 5 5 6
1 0 4 4 5 5 5 8
1 0 4 4 4 4
1 0 4 4 4 1
1 0 4 4 4 8
1 0 4 4 4 5 4
1 0 4 4 4 5 1
1 0 4 4 4 5 8
1 0 4 4 4 5 5 5
1 0 4 4 4 5 5 8
1 0 4 4 4 6 4
1 0 4 4 4 6 1
1 0 4 4 4 6 8
1 0 4 6 1
1 0 4 6 8
1 0 4 6 6
1 0 4 6 5 5
1 0 4 6 5 8
1 0 3 8
1 0 3 2
1 0 3 1 1
1 0 3 1 9
1 0 3 1 8
1 0 3 1 6
1 0 3 1 5 1
1 0 3 1 5 9
1 0 3 1 5 8
1 0 3 1 5 6
1 0 3 1 5 5 8
1 0 3 1 5 5 6
1 0 3 1 4 1
1 0 3 1 4 8
1 0 3 1 4 6
1 0 3 1 4 5 4
1 0 3 1 4 5 1
1 0 3 1 4 5 8
1 0 3 1 4 5 5 5
1 0 3 1 4 5 5 4
1 0 3 1 4 5 5 8
1 0 3 9
1 0 3 5 8
1 0 3 5 1 8
1 0 3 5 1 9
1 0 3 5 1 5 8
1 0 3 5 1 5 6
1 0 3 5 1 4 8
1 0 3 5 1 4 6
1 0 3 5 9
1 0 3 5 5 8
1 0 3 5 5 9
1 0 3 5 6 8
1 0 3 5 6 5 8
1 0 3 5 4 5 5 8
1 0 3 4 8
1 0 3 4 7
1 0 3 4 5 8
1 0 3 4 5 5 8
1 0 3 4 5 5 6
1 0 3 4 5 5 5 1
1 0 3 4 5 5 5 8
1 0 3 4 5 4 8
1 0 3 4 5 4 6
1 0 3 4 5 1 4
1 0 3 4 5 1 8
1 0 3 4 5 1 6
1 0 3 4 5 1 5 5 8
1 0 3 4 5 6 1
1 0 3 4 4 4
1 0 3 4 4 1
1 0 3 4 4 8
1 0 3 4 4 6
1 0 3 4 4 5 5
1 0 3 4 4 5 4
1 0 3 4 4 5 1
1 0 3 4 4 5 8
1 0 3 4 4 5 6
1 0 3 4 1 4
1 0 3 4 1 1
1 0 3 4 1 8
1 0 3 4 1 6
1 0 3 4 1 5 8
1 0 3 4 1 5 6
1 0 3 4 1 5 5 4
1 0 3 4 1 5 5 1
1 0 3 4 1 5 5 8
1 0 3 4 1 5 5 5 5
1 0 3 4 6 1
1 0 3 4 6 8
1 0 3 4 6 6
1 0 3 4 6 5 5
1 0 3 4 6 5 8
1 0 3 6 1
1 0 3 6 8
1 0 3 6 6
1 0 3 6 5 5
1 0 3 6 5 8
1 0 6 1
1 0 6 8
1 0 6 6
1 0 6 5 5
1 0 6 5 8
1 8 5
1 8 4
1 8 1
1 8 8
1 8 6
1 3 8
1 3 2
1 3 1 1
1 3 1 9
1 3 1 8
1 3 1 6
1 3 1 5 1
1 3 1 5 9
1 3 1 5 8
1 3 1 5 6
1 3 1 5 5 8
1 3 1 5 5 6
1 3 1 4 1
1 3 1 4 8
1 3 1 4 6
1 3 1 4 5 4
1 3 1 4 5 1
1 3 1 4 5 8
1 3 1 4 5 5 5
1 3 1 4 5 5 4
1 3 1 4 5 5 8
1 3 9
1 3 5 8
1 3 5 1 8
1 3 5 1 9
1 3 5 1 5 8
1 3 5 1 5 6
1 3 5 1 4 8
1 3 5 1 4 6
1 3 5 9
1 3 5 5 8
1 3 5 5 9
1 3 5 6 8
1 3 5 6 5 8
1 3 5 4 5 5 8
1 3 4 8
1 3 4 7
1 3 4 5 8
1 3 4 5 5 8
1 3 4 5 5 6
1 3 4 5 5 5 1
1 3 4 5 5 5 8
1 3 4 5 4 8
1 3 4 5 4 6
1 3 4 5 1 4
1 3 4 5 1 8
1 3 4 5 1 6
1 3 4 5 1 5 5 8
1 3 4 5 6 1
1 3 4 4 4
1 3 4 4 1
1 3 4 4 8
1 3 4 4 6
1 3 4 4 5 5
1 3 4 4 5 4
1 3 4 4 5 1
1 3 4 4 5 8
1 3 4 4 5 6
1 3 4 1 4
1 3 4 1 1
1 3 4 1 8
1 3 4 1 6
1 3 4 1 5 8
1 3 4 1 5 6
1 3 4 1 5 5 4
1 3 4 1 5 5 1
1 3 4 1 5 5 8
1 3 4 1 5 5 5 5
1 3 4 6 1
1 3 4 6 8
1 3 4 6 6
1 3 4 6 5 5
1 3 4 6 5 8
1 3 6 1
1 3 6 8
1 3 6 6
1 3 6 5 5
1 3 6 5 8
1 6 1
1 6 8
1 6 6
1 6 5 5
1 6 5 8
1 5 8
1 5 1 1
1 5 1 9
1 5 1 8
1 5 1 5 8
1 5 1 5 6
1 5 1 5 1 6
1 5 1 5 9
1 5 1 5 5 8
1 5 1 5 5 9
1 5 1 4 8
1 5 1 4 6
1 5 1 4 5 8
1 5 1 4 5 5 8
1 5 1 4 1 6
1 5 1 6 8
1 5 9
1 5 5 8
1 5 5 1 9
1 5 5 9
1 5 5 5 8
1 5 5 5 9
1 5 4 8
1 5 4 5 8
1 5 4 5 5 8
1 5 4 5 1 8
1 5 4 5 1 6
1 5 4 5 1 5 8
1 5 4 4 1
1 5 4 4 8
1 5 4 4 6
1 5 4 4 5 8
1 5 4 4 5 6
1 5 4 4 5 5 5
1 5 4 4 5 5 8
1 5 4 1 4
1 5 4 1 8
1 5 4 1 6
1 5 4 1 5 8
1 5 4 1 5 5 8
1 5 6 8
1 5 6 5 8
1 4 0
1 4 8
1 4 1 1
1 4 1 9
1 4 1 0
1 4 1 8
1 4 1 6
1 4 1 5 8
1 4 1 5 6
1 4 1 5 1 1
1 4 1 5 1 8
1 4 1 5 1 6
1 4 1 5 1 5 4
1 4 1 5 1 5 8
1 4 1 5 1 5 6
1 4 1 5 1 5 5 5
1 4 1 5 1 5 5 4
1 4 1 5 1 5 5 1
1 4 1 5 1 5 5 8
1 4 1 5 9
1 4 1 5 5 8
1 4 1 5 5 6
1 4 1 5 5 5 1
1 4 1 5 5 5 8
1 4 1 5 4 1 4
1 4 1 4 4
1 4 1 4 1
1 4 1 4 9
1 4 1 4 8
1 4 1 4 7
1 4 1 4 6
1 4 1 4 5 1
1 4 1 4 5 9
1 4 1 4 5 8
1 4 1 4 5 6
1 4 1 4 5 5 5
1 4 1 4 5 5 1
1 4 1 4 5 5 8
1 4 1 4 5 5 6
1 4 1 4 5 4 1
1 4 1 4 5 4 8
1 4 1 4 5 4 6
1 4 1 4 5 4 5 8
1 4 1 3 1
1 4 1 3 8
1 4 1 3 6
1 4 1 3 5 1
1 4 1 3 5 8
1 4 1 3 5 6
1 4 1 3 5 5 6
1 4 1 3 4 4
1 4 1 3 4 1
1 4 1 3 4 8
1 4 1 3 4 6
1 4 1 3 4 5 1
1 4 1 3 4 5 6
1 4 9
1 4 5 8
1 4 5 1 1
1 4 5 1 9
1 4 5 1 8
1 4 5 1 5 8
1 4 5 1 5 9
1 4 5 1 5 5 8
1 4 5 1 4 8
1 4 5 1 4 6
1 4 5 1 4 5 8
1 4 5 1 4 5 5 8
1 4 5 1 6 8
1 4 5 9
1 4 5 5 8
1 4 5 5 9
1 4 5 5 5 8
1 4 5 4 8
1 4 5 4 5 8
1 4 5 4 5 5 8
1 4 5 4 4 1
1 4 5 4 4 8
1 4 5 4 4 6
1 4 5 4 4 5 8
1 4 5 4 4 5 5 5
1 4 5 4 4 5 5 8
1 4 5 4 1 4
1 4 5 4 1 8
1 4 5 4 1 6
1 4 5 4 1 5 8
1 4 5 4 1 5 5 8
1 4 5 6 8
1 4 5 6 5 8
1 4 4 8
1 4 4 6
1 4 4 1 4
1 4 4 1 1
1 4 4 1 8
1 4 4 1 6
1 4 4 1 5 5
1 4 4 1 5 4
1 4 4 1 5 1
1 4 4 1 5 8
1 4 4 1 5 6
1 4 4 9
1 4 4 5 8
1 4 4 5 6
1 4 4 5 1 4
1 4 4 5 1 1
1 4 4 5 1 8
1 4 4 5 1 6
1 4 4 5 1 5 1
1 4 4 5 1 5 8
1 4 4 5 1 5 6
1 4 4 5 1 5 5 5
1 4 4 5 1 5 5 1
1 4 4 5 1 5 5 8
1 4 4 5 9
1 4 4 5 5 8
1 4 4 5 5 6
1 4 4 5 5 5 5
1 4 4 5 5 5 1
1 4 4 5 5 5 8
1 4 4 5 4 8
1 4 4 5 4 5 8
1 4 4 5 4 1 4
1 4 4 4 4
1 4 4 4 1
1 4 4 4 9
1 4 4 4 8
1 4 4 4 6
1 4 4 4 5 5
1 4 4 4 5 4
1 4 4 4 5 1
1 4 4 4 5 9
1 4 4 4 5 8
1 4 4 4 5 6
1 4 4 7 8
1 4 3 8
1 4 3 5 8
1 4 3 5 5 8
1 4 3 5 5 5 8
1 4 3 5 1 1
1 4 3 5 1 8
1 4 3 5 1 5 8
1 4 3 5 1 5 5 8
1 4 3 4 8
1 4 3 4 5 8
1 4 3 4 5 5 8
1 4 3 4 5 5 5 1
1 4 3 4 5 5 5 8
1 4 3 4 5 1 4
1 4 3 4 5 1 1
1 4 3 4 5 1 8
1 4 3 4 5 1 5 8
1 4 3 4 4 4
1 4 3 4 4 1
1 4 3 4 4 8
1 4 3 4 4 6
1 4 3 4 4 5 4
1 4 3 4 4 5 1
1 4 3 4 4 5 8
1 4 3 4 4 5 6
1 4 3 4 4 5 5 5
1 4 3 4 4 5 5 1
1 4 3 4 4 5 5 8
1 4 3 4 1 4
1 4 3 4 1 1
1 4 3 4 1 8
1 4 3 4 1 6
1 4 3 4 1 5 8
1 4 3 4 1 5 5 1
1 4 3 4 1 5 5 8
1 4 3 4 6 1
1 4 3 4 6 8
1 4 3 4 6 5 8
1 4 3 1 1
1 4 3 1 8
1 4 3 1 6
1 4 3 1 5 1
1 4 3 1 5 8
1 4 3 1 5 6
1 4 3 1 5 5 8
1 4 3 1 4 1
1 4 3 1 4 8
1 4 3 1 4 6
1 4 3 1 4 5 8
1 4 3 1 4 5 5 8
1 4 3 7 8
1 4 3 6 1
1 4 3 6 8
1 4 3 6 5 8
1 4 6 1
1 4 6 8
1 4 6 6
1 4 6 5 5
1 4 6 5 8
1 1 0
1 1 8
1 1 1 4
1 1 1 1
1 1 1 9
1 1 1 8
1 1 1 3
1 1 1 6
1 1 1 5 4
1 1 1 5 1
1 1 1 5 9
1 1 1 5 8
1 1 1 5 6
1 1 1 5 5 5
1 1 1 5 5 1
1 1 1 5 5 8
1 1 1 5 5 6
1 1 1 7 1
1 1 9
1 1 5 8
1 1 5 1 1
1 1 5 1 9
1 1 5 1 8
1 1 5 1 6
1 1 5 1 5 1
1 1 5 1 5 9
1 1 5 1 5 8
1 1 5 1 5 6
1 1 5 1 5 5 4
1 1 5 1 5 5 8
1 1 5 1 4 1
1 1 5 1 4 8
1 1 5 1 4 6
1 1 5 1 4 5 8
1 1 5 1 4 5 5 5
1 1 5 1 4 5 5 8
1 1 5 9
1 1 5 5 8
1 1 5 5 6
1 1 5 5 9
1 1 5 5 5 8
1 1 5 4 8
1 1 5 4 5 8
1 1 5 4 5 5 8
1 1 5 4 4 1
1 1 5 4 4 8
1 1 5 4 4 6
1 1 5 4 4 5 8
1 1 5 4 4 5 5 5
1 1 5 4 4 5 5 8
1 1 5 4 1 4
1 1 5 4 1 8
1 1 5 4 1 6
1 1 5 4 1 5 8
1 1 5 6 8
1 1 5 6 5 8
1 1 4 8
1 1 4 1 1
1 1 4 1 9
1 1 4 1 8
1 1 4 1 6
1 1 4 1 5 1
1 1 4 1 5 9
1 1 4 1 5 8
1 1 4 1 5 6
1 1 4 1 5 5 5
1 1 4 1 5 5 4
1 1 4 1 5 5 1
1 1 4 1 5 5 8
1 1 4 1 5 5 6
1 1 4 1 5 4 8
1 1 4 1 5 4 6
1 1 4 1 4 4
1 1 4 1 4 1
1 1 4 1 4 8
1 1 4 1 4 6
1 1 4 1 4 5 1
1 1 4 1 4 5 8
1 1 4 1 4 5 6
1 1 4 1 4 5 5 5
1 1 4 1 4 5 5 1
1 1 4 1 4 5 5 8
1 1 4 9
1 1 4 5 8
1 1 4 5 1 1
1 1 4 5 1 9
1 1 4 5 1 8
1 1 4 5 1 6
1 1 4 5 1 5 8
1 1 4 5 1 5 6
1 1 4 5 1 5 9
1 1 4 5 1 5 5 8
1 1 4 5 1 4 8
1 1 4 5 1 4 6
1 1 4 5 1 4 5 8
1 1 4 5 1 4 5 5 8
1 1 4 5 9
1 1 4 5 5 8
1 1 4 5 5 6
1 1 4 5 5 9
1 1 4 5 5 5 8
1 1 4 5 6 1
1 1 4 5 6 8
1 1 4 5 6 5 8
1 1 4 5 4 4 8
1 1 4 5 4 4 5 8
1 1 4 5 4 4 5 5 5
1 1 4 5 4 4 5 5 8
1 1 4 5 4 1 4
1 1 4 5 4 5 5 8
1 1 4 4 1
1 1 4 4 8
1 1 4 4 6
1 1 4 4 5 8
1 1 4 4 5 6
1 1 4 4 5 5 8
1 1 4 4 5 5 6
1 1 4 4 5 5 5 8
1 1 4 4 5 4 8
1 1 4 4 5 1 4
1 1 4 4 5 1 1
1 1 4 4 5 1 8
1 1 4 4 5 1 6
1 1 4 4 5 1 5 8
1 1 4 4 4 5
1 1 4 4 4 4
1 1 4 4 4 1
1 1 4 4 4 8
1 1 4 4 4 6
1 1 4 6 1
1 1 4 6 8
1 1 4 6 6
1 1 4 6 5 5
1 1 4 6 5 8
1 1 3 8
1 1 3 4 7
1 1 3 4 4 4
1 1 3 4 4 1
1 1 3 4 4 8
1 1 3 4 4 6
1 1 3 4 4 5 4
1 1 3 4 4 5 1
1 1 3 4 4 5 8
1 1 3 4 4 5 6
1 1 3 4 4 5 5 5
1 1 3 4 4 5 5 8
1 1 3 4 1 8
1 1 3 4 1 6
1 1 3 4 1 5 6
1 1 3 4 1 4 6
1 1 3 4 1 1 6
1 1 3 4 8 4
1 1 3 4 8 1
1 1 3 4 8 8
1 1 3 4 8 6
1 1 3 4 8 5 6
1 1 3 4 6 1
1 1 3 4 6 8
1 1 3 4 5 5 6
1 1 3 4 5 5 5 8
1 1 3 4 5 1 6
1 1 3 4 5 6 1
1 1 3 1 1
1 1 3 1 8
1 1 3 1 6
1 1 3 1 5 6
1 1 3 1 5 1 6
1 1 3 1 4 8
1 1 3 1 4 6
1 1 3 6 1
1 1 3 6 8
1 1 3 6 6
1 1 3 6 5 8
1 1 3 5 5 6
1 1 3 5 1 8
1 1 3 5 1 6
1 1 3 5 1 5 6
1 1 3 5 1 4 6
1 1 3 5 8 6
1 1 3 5 6 8
1 1 6 1
1 1 6 8
1 1 6 6
1 1 6 5 5
1 1 6 5 8
1 0 8
1 0 1 8
1 0 1 1 1
1 0 1 1 9
1 0 1 1 8
1 0 1 1 6
1 0 1 1 5 1
1 0 1 1 5 9
1 0 1 1 5 8
1 0 1 1 5 6
1 0 1 1 5 5 4
1 0 1 1 5 5 1
1 0 1 1 5 5 8
1 0 1 1 5 5 6
1 0 1 1 5 5 5 5
1 0 1 1 4 4
1 0 1 1 4 1
1 0 1 1 4 8
1 0 1 1 4 6
1 0 1 1 4 5 5
1 0 1 1 4 5 1
1 0 1 1 4 5 8
1 0 1 9
1 0 1 5 8
1 0 1 5 1 1
1 0 1 5 1 9
1 0 1 5 1 8
1 0 1 5 1 6
1 0 1 5 1 5 8
1 0 1 5 1 5 6
1 0 1 5 1 4 8
1 0 1 5 1 4 6
1 0 1 5 9
1 0 1 5 5 8
1 0 1 5 5 6
1 0 1 5 5 9
1 0 1 5 6 8
1 0 1 5 6 5 8
1 0 1 5 4 5 5 8
1 0 1 4 8
1 0 1 4 1 1
1 0 1 4 1 9
1 0 1 4 1 8
1 0 1 4 1 6
1 0 1 4 1 5 1
1 0 1 4 1 5 8
1 0 1 4 1 5 6
1 0 1 4 1 5 5 8
1 0 1 4 1 5 5 6
1 0 1 4 1 4 1
1 0 1 4 1 4 8
1 0 1 4 1 4 6
1 0 1 4 1 4 5 8
1 0 1 4 1 4 5 5 5
1 0 1 4 1 4 5 5 8
1 0 1 4 9
1 0 1 4 5 8
1 0 1 4 5 1 8
1 0 1 4 5 1 9
1 0 1 4 5 9
1 0 1 4 5 5 8
1 0 1 4 5 5 9
1 0 1 4 4 1
1 0 1 4 4 8
1 0 1 4 4 6
1 0 1 4 4 5 6
1 0 1 4 4 5 5 8
1 0 1 4 4 5 5 5 8
1 0 1 4 4 5 1 4
1 0 1 4 4 5 1 6
1 0 1 4 4 4 4
1 0 1 4 4 4 1
1 0 1 4 4 4 8
1 0 1 4 4 4 5 4
1 0 1 4 4 4 5 1
1 0 1 4 4 4 5 8
1 0 1 4 4 4 5 5 5
1 0 1 4 4 4 5 5 8
1 0 1 4 4 4 6 5
1 0 1 4 4 4 6 4
1 0 1 4 4 4 6 1
1 0 1 4 4 4 6 8
1 0 1 4 6 1
1 0 1 4 6 8
1 0 1 4 6 6
1 0 1 4 6 5 8
1 0 1 4 6 5 5 8
1 0 1 6 1
1 0 1 6 8
1 0 1 6 6
1 0 1 6 5 8
1 0 1 6 5 5 8
1 0 1 3 1 1
1 0 1 3 1 8
1 0 1 3 1 6
1 0 1 3 1 5 6
1 0 1 3 1 5 1 6
1 0 1 3 1 4 8
1 0 1 3 1 4 6
1 0 1 3 8 1
1 0 1 3 8 8
1 0 1 3 8 6
1 0 1 3 6 1
1 0 1 3 6 8
1 0 1 3 4 4 4
1 0 1 3 4 4 1
1 0 1 3 4 4 8
1 0 1 3 4 4 6
1 0 1 3 4 4 5 4
1 0 1 3 4 4 5 1
1 0 1 3 4 4 5 8
1 0 1 3 4 4 5 6
1 0 1 3 4 4 5 5 5
1 0 1 3 4 4 5 5 8
1 0 1 3 4 1 6
1 0 1 3 4 1 5 6
1 0 1 3 4 1 4 6
1 0 1 3 4 1 1 6
1 0 1 3 4 8 4
1 0 1 3 4 8 8
1 0 1 3 4 8 6
1 0 1 3 4 8 1 6
1 0 1 3 4 6 1
1 0 1 3 4 6 8
1 0 1 3 4 5 5 6
1 0 1 3 4 5 5 5 8
1 0 1 3 4 5 1 6
1 0 1 3 5 1 5 6
1 0 9
1 0 5 8
1 0 5 1 1
1 0 5 1 9
1 0 5 1 8
1 0 5 1 5 8
1 0 5 1 5 6
1 0 5 1 5 9
1 0 5 1 5 5 8
1 0 5 1 4 8
1 0 5 1 4 6
1 0 5 1 4 5 8
1 0 5 1 4 5 5 8
1 0 5 9
1 0 5 5 8
1 0 5 5 9
1 0 5 5 5 8
1 0 5 6 8
1 0 5 6 5 8
1 0 5 4 1 4
1 0 5 4 5 5 8
1 0 4 8
1 0 4 1 1
1 0 4 1 9
1 0 4 1 8
1 0 4 1 6
1 0 4 1 5 8
1 0 4 1 5 6
1 0 4 1 5 5 8
1 0 4 1 5 5 6
1 0 4 1 5 1 6
1 0 4 1 4 1
1 0 4 1 4 9
1 0 4 1 4 8
1 0 4 1 4 6
1 0 4 1 4 5 1
1 0 4 1 4 5 8
1 0 4 1 4 5 5 8
1 0 4 1 4 5 5 5 5
1 0 4 9
1 0 4 5 8
1 0 4 5 1 8
1 0 4 5 1 9
1 0 4 5 9
1 0 4 5 5 8
1 0 4 5 5 9
1 0 4 5 6 8
1 0 4 4 1
1 0 4 4 9
1 0 4 4 8
1 0 4 4 6
1 0 4 4 5 8
1 0 4 4 5 6
1 0 4 4 5 1 4
1 0 4 4 5 1 1
1 0 4 4 5 1 8
1 0 4 4 5 1 6
1 0 4 4 5 1 5 8
1 0 4 4 5 9
1 0 4 4 5 5 8
1 0 4 4 5 5 6
1 0 4 4 5 5 5 8
1 0 4 4 4 4
1 0 4 4 4 1
1 0 4 4 4 8
1 0 4 4 4 5 4
1 0 4 4 4 5 1
1 0 4 4 4 5 8
1 0 4 4 4 5 5 5
1 0 4 4 4 5 5 8
1 0 4 4 4 6 4
1 0 4 4 4 6 1
1 0 4 4 4 6 8
1 0 4 6 1
1 0 4 6 8
1 0 4 6 6
1 0 4 6 5 5
1 0 4 6 5 8
1 0 3 8
1 0 3 2
1 0 3 1 1
1 0 3 1 9
1 0 3 1 8
1 0 3 1 6
1 0 3 1 5 1
1 0 3 1 5 9
1 0 3 1 5 8
1 0 3 1 5 6
1 0 3 1 5 5 8
1 0 3 1 5 5 6
1 0 3 1 4 1
1 0 3 1 4 8
1 0 3 1 4 6
1 0 3 1 4 5 4
1 0 3 1 4 5 1
1 0 3 1 4 5 8
1 0 3 1 4 5 5 5
1 0 3 1 4 5 5 4
1 0 3 1 4 5 5 8
1 0 3 9
1 0 3 5 8
1 0 3 5 1 8
1 0 3 5 1 9
1 0 3 5 1 5 8
1 0 3 5 1 5 6
1 0 3 5 1 4 8
1 0 3 5 1 4 6
1 0 3 5 9
1 0 3 5 5 8
1 0 3 5 5 9
1 0 3 5 6 8
1 0 3 5 6 5 8
1 0 3 5 4 5 5 8
1 0 3 4 8
1 0 3 4 7
1 0 3 4 5 8
1 0 3 4 5 5 8
1 0 3 4 5 5 6
1 0 3 4 5 5 5 1
1 0 3 4 5 5 5 8
1 0 3 4 5 4 8
1 0 3 4 5 4 6
1 0 3 4 5 1 4
1 0 3 4 5 1 8
1 0 3 4 5 1 6
1 0 3 4 5 1 5 5 8
1 0 3 4 5 6 1
1 0 3 4 4 4
1 0 3 4 4 1
1 0 3 4 4 8
1 0 3 4 4 6
1 0 3 4 4 5 5
1 0 3 4 4 5 4
1 0 3 4 4 5 1
1 0 3 4 4 5 8
1 0 3 4 4 5 6
1 0 3 4 1 4
1 0 3 4 1 1
1 0 3 4 1 8
1 0 3 4 1 6
1 0 3 4 1 5 8
1 0 3 4 1 5 6
1 0 3 4 1 5 5 4
1 0 3 4 1 5 5 1
1 0 3 4 1 5 5 8
1 0 3 4 1 5 5 5 5
1 0 3 4 6 1
1 0 3 4 6 8
1 0 3 4 6 6
1 0 3 4 6 5 5
1 0 3 4 6 5 8
1 0 3 6 1
1 0 3 6 8
1 0 3 6 6
1 0 3 6 5 5
1 0 3 6 5 8
1 0 6 1
1 0 6 8
1 0 6 6
1 0 6 5 5
1 0 6 5 8
1 8 5
1 8 4
1 8 1
1 8 8
1 8 6
1 3 8
1 3 2
1 3 1 1
1 3 1 9
1 3 1 8
1 3 1 6
1 3 1 5 1
1 3 1 5 9
1 3 1 5 8
1 3 1 5 6
1 3 1 5 5 8
1 3 1 5 5 6
1 3 1 4 1
1 3 1 4 8
1 3 1 4 6
1 3 1 4 5 4
1 3 1 4 5 1
1 3 1 4 5 8
1 3 1 4 5 5 5
1 3 1 4 5 5 4
1 3 1 4 5 5 8
1 3 9
1 3 5 8
1 3 5 1 8
1 3 5 1 9
1 3 5 1 5 8
1 3 5 1 5 6
1 3 5 1 4 8
1 3 5 1 4 6
1 3 5 9
1 3 5 5 8
1 3 5 5 9
1 3 5 6 8
1 3 5 6 5 8
1 3 5 4 5 5 8
1 3 4 8
1 3 4 7
1 3 4 5 8
1 3 4 5 5 8
1 3 4 5 5 6
1 3 4 5 5 5 1
1 3 4 5 5 5 8
1 3 4 5 4 8
1 3 4 5 4 6
1 3 4 5 1 4
1 3 4 5 1 8
1 3 4 5 1 6
1 3 4 5 1 5 5 8
1 3 4 5 6 1
1 3 4 4 4
1 3 4 4 1
1 3 4 4 8
1 3 4 4 6
1 3 4 4 5 5
1 3 4 4 5 4
1 3 4 4 5 1
1 3 4 4 5 8
1 3 4 4 5 6
1 3 4 1 4
1 3 4 1 1
1 3 4 1 8
1 3 4 1 6
1 3 4 1 5 8
1 3 4 1 5 6
1 3 4 1 5 5 4
1 3 4 1 5 5 1
1 3 4 1 5 5 8
1 3 4 1 5 5 5 5
1 3 4 6 1
1 3 4 6 8
1 3 4 6 6
1 3 4 6 5 5
1 3 4 6 5 8
1 3 6 1
1 3 6 8
1 3 6 6
1 3 6 5 5
1 3 6 5 8
1 6 1
1 6 8
1 6 6
1 6 5 5
1 6 5 8
1 5 8
1 5 1 1
1 5 1 9
1 5 1 8
1 5 1 5 8
1 5 1 5 6
1 5 1 5 1 6
1 5 1 5 9
1 5 1 5 5 8
1 5 1 5 5 9
1 5 1 4 8
1 5 1 4 6
1 5 1 4 5 8
1 5 1 4 5 5 8
1 5 1 4 1 6
1 5 1 6 8
1 5 9
1 5 5 8
1 5 5 1 9
1 5 5 9
1 5 5 5 8
1 5 5 5 9
1 5 4 8
1 5 4 5 8
1 5 4 5 5 8
1 5 4 5 1 8
1 5 4 5 1 6
1 5 4 5 1 5 8
1 5 4 4 1
1 5 4 4 8
1 5 4 4 6
1 5 4 4 5 8
1 5 4 4 5 6
1 5 4 4 5 5 5
1 5 4 4 5 5 8
1 5 4 1 4
1 5 4 1 8
1 5 4 1 6
1 5 4 1 5 8
1 5 4 1 5 5 8
1 5 6 8
1 5 6 5 8
1 4 0
1 4 8
1 4 1 1
1 4 1 9
1 4 1 0
1 4 1 8
1 4 1 6
1 4 1 5 8
1 4 1 5 6
1 4 1 5 1 1
1 4 1 5 1 8
1 4 1 5 1 6
1 4 1 5 1 5 4
1 4 1 5 1 5 8
1 4 1 5 1 5 6
1 4 1 5 1 5 5 5
1 4 1 5 1 5 5 4
1 4 1 5 1 5 5 1
1 4 1 5 1 5 5 8
1 4 1 5 9
1 4 1 5 5 8
1 4 1 5 5 6
1 4 1 5 5 5 1
1 4 1 5 5 5 8
1 4 1 5 4 1 4
1 4 1 4 4
1 4 1 4 1
1 4 1 4 9
1 4 1 4 8
1 4 1 4 7
1 4 1 4 6
1 4 1 4 5 1
1 4 1 4 5 9
1 4 1 4 5 8
1 4 1 4 5 6
1 4 1 4 5 5 5
1 4 1 4 5 5 1
1 4 1 4 5 5 8
1 4 1 4 5 5 6
1 4 1 4 5 4 1
1 4 1 4 5 4 8
1 4 1 4 5 4 6
1 4 1 4 5 4 5 8
1 4 1 3 1
1 4 1 3 8
1 4 1 3 6
1 4 1 3 5 1
1 4 1 3 5 8
1 4 1 3 5 6
1 4 1 3 5 5 6
1 4 1 3 4 4
1 4 1 3 4 1
1 4 1 3 4 8
1 4 1 3 4 6
1 4 1 3 4 5 1
1 4 1 3 4 5 6
1 4 9
1 4 5 8
1 4 5 1 1
1 4 5 1 9
1 4 5 1 8
1 4 5 1 5 8
1 4 5 1 5 9
1 4 5 1 5 5 8
1 4 5 1 4 8
1 4 5 1 4 6
1 4 5 1 4 5 8
1 4 5 1 4 5 5 8
1 4 5 1 6 8
1 4 5 9
1 4 5 5 8
1 4 5 5 9
1 4 5 5 5 8
1 4 5 4 8
1 4 5 4 5 8
1 4 5 4 5 5 8
1 4 5 4 4 1
1 4 5 4 4 8
1 4 5 4 4 6
1 4 5 4 4 5 8
1 4 5 4 4 5 5 5
1 4 5 4 4 5 5 8
1 4 5 4 1 4
1 4 5 4 1 8
1 4 5 4 1 6
1 4 5 4 1 5 8
1 4 5 4 1 5 5 8
1 4 5 6 8
1 4 5 6 5 8
1 4 4 8
1 4 4 6
1 4 4 1 4
1 4 4 1 1
1 4 4 1 8
1 4 4 1 6
1 4 4 1 5 5
1 4 4 1 5 4
1 4 4 1 5 1
1 4 4 1 5 8
1 4 4 1 5 6
1 4 4 9
1 4 4 5 8
1 4 4 5 6
1 4 4 5 1 4
1 4 4 5 1 1
1 4 4 5 1 8
1 4 4 5 1 6
1 4 4 5 1 5 1
1 4 4 5 1 5 8
1 4 4 5 1 5 6
1 4 4 5 1 5 5 5
1 4 4 5 1 5 5 1
1 4 4 5 1 5 5 8
1 4 4 5 9
1 4 4 5 5 8
1 4 4 5 5 6
1 4 4 5 5 5 5
1 4 4 5 5 5 1
1 4 4 5 5 5 8
1 4 4 5 4 8
1 4 4 5 4 5 8
1 4 4 5 4 1 4
1 4 4 4 4
1 4 4 4 1
1 4 4 4 9
1 4 4 4 8
1 4 4 4 6
1 4 4 4 5 5
1 4 4 4 5 4
1 4 4 4 5 1
1 4 4 4 5 9
1 4 4 4 5 8
1 4 4 4 5 6
1 4 4 7 8
1 4 3 8
1 4 3 5 8
1 4 3 5 5 8
1 4 3 5 5 5 8
1 4 3 5 1 1
1 4 3 5 1 8
1 4 3 5 1 5 8
1 4 3 5 1 5 5 8
1 4 3 4 8
1 4 3 4 5 8
1 4 3 4 5 5 8
1 4 3 4 5 5 5 1
1 4 3 4 5 5 5 8
1 4 3 4 5 1 4
1 4 3 4 5 1 1
1 4 3 4 5 1 8
1 4 3 4 5 1 5 8
1 4 3 4 4 4
1 4 3 4 4 1
1 4 3 4 4 8
1 4 3 4 4 6
1 4 3 4 4 5 4
1 4 3 4 4 5 1
1 4 3 4 4 5 8
1 4 3 4 4 5 6
1 4 3 4 4 5 5 5
1 4 3 4 4 5 5 1
1 4 3 4 4 5 5 8
1 4 3 4 1 4
1 4 3 4 1 1
1 4 3 4 1 8
1 4 3 4 1 6
1 4 3 4 1 5 8
1 4 3 4 1 5 5 1
1 4 3 4 1 5 5 8
1 4 3 4 6 1
1 4 3 4 6 8
1 4 3 4 6 5 8
1 4 3 1 1
1 4 3 1 8
1 4 3 1 6
1 4 3 1 5 1
1 4 3 1 5 8
1 4 3 1 5 6
1 4 3 1 5 5 8
1 4 3 1 4 1
1 4 3 1 4 8
1 4 3 1 4 6
1 4 3 1 4 5 8
1 4 3 1 4 5 5 8
1 4 3 7 8
1 4 3 6 1
1 4 3 6 8
1 4 3 6 5 8
1 4 6 1
1 4 6 8
1 4 6 6
1 4 6 5 5
1 4 6 5 8
1 1 0
1 1 8
1 1 1 4
1 1 1 1
1 1 1 9
1 1 1 8
1 1 1 3
1 1 1 6
1 1 1 5 4
1 1 1 5 1
1 1 1 5 9
1 1 1 5 8
1 1 1 5 6
1 1 1 5 5 5
1 1 1 5 5 1
1 1 1 5 5 8
1 1 1 5 5 6
1 1 1 7 1
1 1 9
1 1 5 8
1 1 5 1 1
1 1 5 1 9
1 1 5 1 8
1 1 5 1 6
1 1 5 1 5 1
1 1 5 1 5 9
1 1 5 1 5 8
1 1 5 1 5 6
1 1 5 1 5 5 4
1 1 5 1 5 5 8
1 1 5 1 4 1
1 1 5 1 4 8
1 1 5 1 4 6
1 1 5 1 4 5 8
1 1 5 1 4 5 5 5
1 1 5 1 4 5 5 8
1 1 5 9
1 1 5 5 8
1 1 5 5 6
1 1 5 5 9
1 1 5 5 5 8
1 1 5 4 8
1 1 5 4 5 8
1 1 5 4 5 5 8
1 1 5 4 4 1
1 1 5 4 4 8
1 1 5 4 4 6
1 1 5 4 4 5 8
1 1 5 4 4 5 5 5
1 1 5 4 4 5 5 8
1 1 5 4 1 4
1 1 5 4 1 8
1 1 5 4 1 6
1 1 5 4 1 5 8
1 1 5 6 8
1 1 5 6 5 8
1 1 4 8
1 1 4 1 1
1 1 4 1 9
1 1 4 1 8
1 1 4 1 6
1 1 4 1 5 1
1 1 4 1 5 9
1 1 4 1 5 8
1 1 4 1 5 6
1 1 4 1 5 5 5
1 1 4 1 5 5 4
1 1 4 1 5 5 1
1 1 4 1 5 5 8
1 1 4 1 5 5 6
1 1 4 1 5 4 8
1 1 4 1 5 4 6
1 1 4 1 4 4
1 1 4 1 4 1
1 1 4 1 4 8
1 1 4 1 4 6
1 1 4 1 4 5 1
1 1 4 1 4 5 8
1 1 4 1 4 5 6
1 1 4 1 4 5 5 5
1 1 4 1 4 5 5 1
1 1 4 1 4 5 5 8
1 1 4 9
1 1 4 5 8
1 1 4 5 1 1
1 1 4 5 1 9
1 1 4 5 1 8
1 1 4 5 1 6
1 1 4 5 1 5 8
1 1 4 5 1 5 6
1 1 4 5 1 5 9
1 1 4 5 1 5 5 8
1 1 4 5 1 4 8
1 1 4 5 1 4 6
1 1 4 5 1 4 5 8
1 1 4 5 1 4 5 5 8
1 1 4 5 9
1 1 4 5 5 8
1 1 4 5 5 6
1 1 4 5 5 9
1 1 4 5 5 5 8
1 1 4 5 6 1
1 1 4 5 6 8
1 1 4 5 6 5 8
1 1 4 5 4 4 8
1 1 4 5 4 4 5 8
1 1 4 5 4 4 5 5 5
1 1 4 5 4 4 5 5 8
1 1 4 5 4 1 4
1 1 4 5 4 5 5 8
1 1 4 4 1
1 1 4 4 8
1 1 4 4 6
1 1 4 4 5 8
1 1 4 4 5 6
1 1 4 4 5 5 8
1 1 4 4 5 5 6
1 1 4 4 5 5 5 8
1 1 4 4 5 4 8
1 1 4 4 5 1 4
1 1 4 4 5 1 1
1 1 4 4 5 1 8
1 1 4 4 5 1 6
1 1 4 4 5 1 5 8
1 1 4 4 4 5
1 1 4 4 4 4
1 1 4 4 4 1
1 1 4 4 4 8
1 1 4 4 4 6
1 1 4 6 1
1 1 4 6 8
1 1 4 6 6
1 1 4 6 5 5
1 1 4 6 5 8
1 1 3 8
1 1 3 4 7
1 1 3 4 4 4
1 1 3 4 4 1
1 1 3 4 4 8
1 1 3 4 4 6
1 1 3 4 4 5 4
1 1 3 4 4 5 1
1 1 3 4 4 5 8
1 1 3 4 4 5 6
1 1 3 4 4 5 5 5
1 1 3 4 4 5 5 8
1 1 3 4 1 8
1 1 3 4 1 6
1 1 3 4 1 5 6
1 1 3 4 1 4 6
1 1 3 4 1 1 6
1 1 3 4 8 4
1 1 3 4 8 1
1 1 3 4 8 8
1 1 3 4 8 6
1 1 3 4 8 5 6
1 1 3 4 6 1
1 1 3 4 6 8
1 1 3 4 5 5 6
1 1 3 4 5 5 5 8
1 1 3 4 5 1 6
1 1 3 4 5 6 1
1 1 3 1 1
1 1 3 1 8
1 1 3 1 6
1 1 3 1 5 6
1 1 3 1 5 1 6
1 1 3 1 4 8
1 1 3 1 4 6
1 1 3 6 1
1 1 3 6 8
1 1 3 6 6
1 1 3 6 5 8
1 1 3 5 5 6
1 1 3 5 1 8
1 1 3 5 1 6
1 1 3 5 1 5 6
1 1 3 5 1 4 6
1 1 3 5 8 6
1 1 3 5 6 8
1 1 6 1
1 1 6 8
1 1 6 6
1 1 6 5 5
1 1 6 5 8
1 0 8
1 0 1 8
1 0 1 1 1
1 0 1 1 9
1 0 1 1 8
1 0 1 1 6
1 0 1 1 5 1
1 0 1 1 5 9
1 0 1 1 5 8
1 0 1 1 5 6
1 0 1 1 5 5 4
1 0 1 1 5 5 1
1 0 1 1 5 5 8
1 0 1 1 5 5 6
1 0 1 1 5 5 5 5
1 0 1 1 4 4
1 0 1 1 4 1
1 0 1 1 4 8
1 0 1 1 4 6
1 0 1 1 4 5 5
1 0 1 1 4 5 1
1 0 1 1 4 5 8
1 0 1 9
1 0 1 5 8
1 0 1 5 1 1
1 0 1 5 1 9
1 0 1 5 1 8
1 0 1 5 1 6
1 0 1 5 1 5 8
1 0 1 5 1 5 6
1 0 1 5 1 4 8
1 0 1 5 1 4 6
1 0 1 5 9
1 0 1 5 5 8
1 0 1 5 5 6
1 0 1 5 5 9
1 0 1 5 6 8
1 0 1 5 6 5 8
1 0 1 5 4 5 5 8
1 0 1 4 8
1 0 1 4 1 1
1 0 1 4 1 9
1 0 1 4 1 8
1 0 1 4 1 6
1 0 1 4 1 5 1
1 0 1 4 1 5 8
1 0 1 4 1 5 6
1 0 1 4 1 5 5 8
1 0 1 4 1 5 5 6
1 0 1 4 1 4 1
1 0 1 4 1 4 8
1 0 1 4 1 4 6
1 0 1 4 1 4 5 8
1 0 1 4 1 4 5 5 5
1 0 1 4 1 4 5 5 8
1 0 1 4 9
1 0 1 4 5 8
1 0 1 4 5 1 8
1 0 1 4 5 1 9
1 0 1 4 5 9
1 0 1 4 5 5 8
1 0 1 4 5 5 9
1 0 1 4 4 1
1 0 1 4 4 8
1 0 1 4 4 6
1 0 1 4 4 5 6
1 0 1 4 4 5 5 8
1 0 1 4 4 5 5 5 8
1 0 1 4 4 5 1 4
1 0 1 4 4 5 1 6
1 0 1 4 4 4 4
1 0 1 4 4 4 1
1 0 1 4 4 4 8
1 0 1 4 4 4 5 4
1 0 1 4 4 4 5 1
1 0 1 4 4 4 5 8
1 0 1 4 4 4 5 5 5
1 0 1 4 4 4 5 5 8
1 0 1 4 4 4 6 5
1 0 1 4 4 4 6 4
1 0 1 4 4 4 6 1
1 0 1 4 4 4 6 8
1 0 1 4 6 1
1 0 1 4 6 8
1 0 1 4 6 6
1 0 1 4 6 5 8
1 0 1 4 6 5 5 8
1 0 1 6 1
1 0 1 6 8
1 0 1 6 6
1 0 1 6 5 8
1 0 1 6 5 5 8
1 0 1 3 1 1
1 0 1 3 1 8
1 0 1 3 1 6
1 0 1 3 1 5 6
1 0 1 3 1 5 1 6
1 0 1 3 1 4 8
1 0 1 3 1 4 6
1 0 1 3 8 1
1 0 1 3 8 8
1 0 1 3 8 6
1 0 1 3 6 1
1 0 1 3 6 8
1 0 1 3 4 4 4
1 0 1 3 4 4 1
1 0 1 3 4 4 8
1 0 1 3 4 4 6
1 0 1 3 4 4 5 4
1 0 1 3 4 4 5 1
1 0 1 3 4 4 5 8
1 0 1 3 4 4 5 6
1 0 1 3 4 4 5 5 5
1 0 1 3 4 4 5 5 8
1 0 1 3 4 1 6
1 0 1 3 4 1 5 6
1 0 1 3 4 1 4 6
1 0 1 3 4 1 1 6
1 0 1 3 4 8 4
1 0 1 3 4 8 8
1 0 1 3 4 8 6
1 0 1 3 4 8 1 6
1 0 1 3 4 6 1
1 0 1 3 4 6 8
1 0 1 3 4 5 5 6
1 0 1 3 4 5 5 5 8
1 0 1 3 4 5 1 6
1 0 1 3 5 1 5 6
1 0 9
1 0 5 8
1 0 5 1 1
1 0 5 1 9
1 0 5 1 8
1 0 5 1 5 8
1 0 5 1 5 6
1 0 5 1 5 9
1 0 5 1 5 5 8
1 0 5 1 4 8
1 0 5 1 4 6
1 0 5 1 4 5 8
1 0 5 1 4 5 5 8
1 0 5 9
1 0 5 5 8
1 0 5 5 9
1 0 5 5 5 8
1 0 5 6 8
1 0 5 6 5 8
1 0 5 4 1 4
1 0 5 4 5 5 8
1 0 4 8
1 0 4 1 1
1 0 4 1 9
1 0 4 1 8
1 0 4 1 6
1 0 4 1 5 8
1 0 4 1 5 6
1 0 4 1 5 5 8
1 0 4 1 5 5 6
1 0 4 1 5 1 6
1 0 4 1 4 1
1 0 4 1 4 9
1 0 4 1 4 8
1 0 4 1 4 6
1 0 4 1 4 5 1
1 0 4 1 4 5 8
1 0 4 1 4 5 5 8
1 0 4 1 4 5 5 5 5
1 0 4 9
1 0 4 5 8
1 0 4 5 1 8
1 0 4 5 1 9
1 0 4 5 9
1 0 4 5 5 8
1 0 4 5 5 9
1 0 4 5 6 8
1 0 4 4 1
1 0 4 4 9
1 0 4 4 8
1 0 4 4 6
1 0 4 4 5 8
1 0 4 4 5 6
1 0 4 4 5 1 4
1 0 4 4 5 1 1
1 0 4 4 5 1 8
1 0 4 4 5 1 6
1 0 4 4 5 1 5 8
1 0 4 4 5 9
1 0 4 4 5 5 8
1 0 4 4 5 5 6
1 0 4 4 5 5 5 8
1 0 4 4 4 4
1 0 4 4 4 1
1 0 4 4 4 8
1 0 4 4 4 5 4
1 0 4 4 4 5 1
1 0 4 4 4 5 8
1 0 4 4 4 5 5 5
1 0 4 4 4 5 5 8
1 0 4 4 4 6 4
1 0 4 4 4 6 1
1 0 4 4 4 6 8
1 0 4 6 1
1 0 4 6 8
1 0 4 6 6
1 0 4 6 5 5
1 0 4 6 5 8
1 0 3 8
1 0 3 2
1 0 3 1 1
1 0 3 1 9
1 0 3 1 8
1 0 3 1 6
1 0 3 1 5 1
1 0 3 1 5 9
1 0 3 1 5 8
1 0 3 1 5 6
1 0 3 1 5 5 8
1 0 3 1 5 5 6
1 0 3 1 4 1
1 0 3 1 4 8
1 0 3 1 4 6
1 0 3 1 4 5 4
1 0 3 1 4 5 1
1 0 3 1 4 5 8
1 0 3 1 4 5 5 5
1 0 3 1 4 5 5 4
1 0 3 1 4 5 5 8
1 0 3 9
1 0 3 5 8
1 0 3 5 1 8
1 0 3 5 1 9
1 0 3 5 1 5 8
1 0 3 5 1 5 6
1 0 3 5 1 4 8
1 0 3 5 1 4 6
1 0 3 5 9
1 0 3 5 5 8
1 0 3 5 5 9
1 0 3 5 6 8
1 0 3 5 6 5 8
1 0 3 5 4 5 5 8
1 0 3 4 8
1 0 3 4 7
1 0 3 4 5 8
1 0 3 4 5 5 8
1 0 3 4 5 5 6
1 0 3 4 5 5 5 1
1 0 3 4 5 5 5 8
1 0 3 4 5 4 8
1 0 3 4 5 4 6
1 0 3 4 5 1 4
1 0 3 4 5 1 8
1 0 3 4 5 1 6
1 0 3 4 5 1 5 5 8
1 0 3 4 5 6 1
1 0 3 4 4 4
1 0 3 4 4 1
1 0 3 4 4 8
1 0 3 4 4 6
1 0 3 4 4 5 5
1 0 3 4 4 5 4
1 0 3 4 4 5 1
1 0 3 4 4 5 8
1 0 3 4 4 5 6
1 0 3 4 1 4
1 0 3 4 1 1
1 0 3 4 1 8
1 0 3 4 1 6
1 0 3 4 1 5 8
1 0 3 4 1 5 6
1 0 3 4 1 5 5 4
1 0 3 4 1 5 5 1
1 0 3 4 1 5 5 8
1 0 3 4 1 5 5 5 5
1 0 3 4 6 1
1 0 3 4 6 8
1 0 3 4 6 6
1 0 3 4 6 5 5
1 0 3 4 6 5 8
1 0 3 6 1
1 0 3 6 8
1 0 3 6 6
1 0 3 6 5 5
1 0 3 6 5 8
1 0 6 1
1 0 6 8
1 0 6 6
1 0 6 5 5
1 0 6 5 8
1 8 5
1 8 4
1 8 1
1 8 8
1 8 6
1 3 8
1 3 2
1 3 1 1
1 3 1 9
1 3 1 8
1 3 1 6
1 3 1 5 1
1 3 1 5 9
1 3 1 5 8
1 3 1 5 6
1 3 1 5 5 8
1 3 1 5 5 6
1 3 1 4 1
1 3 1 4 8
1 3 1 4 6
1 3 1 4 5 4
1 3 1 4 5 1
1 3 1 4 5 8
1 3 1 4 5 5 5
1 3 1 4 5 5 4
1 3 1 4 5 5 8
1 3 9
1 3 5 8
1 3 5 1 8
1 3 5 1 9
1 3 5 1 5 8
1 3 5 1 5 6
1 3 5 1 4 8
1 3 5 1 4 6
1 3 5 9
1 3 5 5 8
1 3 5 5 9
1 3 5 6 8
1 3 5 6 5 8
1 3 5 4 5 5 8
1 3 4 8
1 3 4 7
1 3 4 5 8
1 3 4 5 5 8
1 3 4 5 5 6
1 3 4 5 5 5 1
1 3 4 5 5 5 8
1 3 4 5 4 8
1 3 4 5 4 6
1 3 4 5 1 4
1 3 4 5 1 8
1 3 4 5 1 6
1 3 4 5 1 5 5 8
1 3 4 5 6 1
1 3 4 4 4
1 3 4 4 1
1 3 4 4 8
1 3 4 4 6
1 3 4 4 5 5
1 3 4 4 5 4
1 3 4 4 5 1
1 3 4 4 5 8
1 3 4 4 5 6
1 3 4 1 4
1 3 4 1 1
1 3 4 1 8
1 3 4 1 6
1 3 4 1 5 8
1 3 4 1 5 6
1 3 4 1 5 5 4
1 3 4 1 5 5 1
1 3 4 1 5 5 8
1 3 4 1 5 5 5 5
1 3 4 6 1
1 3 4 6 8
1 3 4 6 6
1 3 4 6 5 5
1 3 4 6 5 8
1 3 6 1
1 3 6 8
1 3 6 6
1 3 6 5 5
1 3 6 5 8
1 6 1
1 6 8
1 6 6
1 6 5 5
1 6 5 8
