0 2 3
0 0 4 2
0 0 4 3
0 2 5 4
0 2 5 5
0 0 1 4 3
0 0 4 3 4
0 2 5 4 5
0 2 5 5 1
0 2 5 5 4
0 2 5 7 4
0 2 7 4 5
0 5 7 4 5
0 0 1 4 3 4
0 0 1 4 3 6
0 0 4 3 5 6
0 2 5 5 1 5
0 2 5 5 4 5
0 0 4 2 5 5 4
0 0 4 3 5 4 6
0 0 4 3 5 5 4
0 1 4 3 5 4 5
0 0 1 4 3 5 5 4
0 0 4 2 5 4 5 1
0 0 4 2 5 5 4 5
0 1 4 2 5 5 4 5
0 1 4 3 5 5 4 5
0 4 2 5 5 4 5 5
0 0 4 2 5 5 4 5 5
0 1 4 2 5 5 4 5 5
0 1 4 3 5 5 4 5 5
0 0 2
0 1 2
0 2 1
0 2 3
0 2 4
0 2 5
0 2 6
0 2 7
0 4 2
0 7 4
0 0 4 2
0 0 4 3
0 1 4 3
0 5 5 4
0 5 7 4
0 7 4 5
0 0 1 4 3
0 0 4 3 4
0 0 4 5 4
0 0 5 4 5
0 1 3 5 4
0 1 5 4 5
0 2 5 4 5
0 2 5 5 1
0 2 5 5 4
0 2 5 7 4
0 2 7 4 5
0 2 7 5 1
0 2 7 5 5
0 3 5 4 5
0 5 4 5 5
0 5 7 4 5
0 5 7 5 1
0 7 4 5 5
0 7 5 1 5
0 0 1 4 3 4
0 0 1 4 3 6
0 0 1 5 6 4
0 0 4 2 5 7
0 0 4 2 7 4
0 0 4 3 5 6
0 0 4 3 7 4
0 2 5 5 1 8
0 2 5 5 1 1
0 2 5 5 1 5
0 2 5 5 4 5
0 2 5 5 6 5
0 4 2 7 4 5
0 5 1 6 4 5
0 5 6 5 1 5
0 5 7 1 5 5
0 5 7 5 1 5
0 7 1 5 5 5
0 7 5 5 5 5
0 0 1 2 5 7 4
0 0 1 4 3 4 6
0 0 4 2 5 5 4
0 0 4 2 5 7 4
0 0 4 3 5 4 6
0 0 4 3 5 5 4
0 0 4 3 5 6 4
0 0 4 5 5 1 1
0 0 4 5 5 1 5
0 0 5 5 1 1 5
0 1 4 3 5 4 5
0 1 4 3 5 5 4
0 2 7 1 5 5 5
0 2 7 5 5 5 5
0 3 5 5 1 1 5
0 4 3 5 7 1 5
0 4 5 5 1 1 5
0 5 7 1 5 5 5
0 5 7 5 5 5 5
0 0 1 4 3 5 5 4
0 0 1 4 5 5 1 8
0 0 4 2 5 4 5 1
0 0 4 2 5 5 4 5
0 0 4 5 1 6 4 5
0 0 5 5 5 5 1 5
0 1 3 4 5 5 1 5
0 1 4 2 5 5 4 5
0 1 4 3 5 5 4 5
0 3 5 5 5 5 1 5
0 4 2 5 5 4 5 5
0 4 5 1 4 5 4 5
0 4 5 1 5 4 5 5
0 4 5 5 5 5 1 5
0 5 5 5 5 1 5 5
0 0 4 2 5 5 4 5 5
0 0 4 5 5 5 5 5 5
0 1 3 5 5 5 5 5 5
0 1 4 2 5 5 4 5 5
0 1 4 3 5 4 5 1 5
0 1 4 3 5 5 4 5 5
0 0 4 2 5 5 1 5 5 5
0 0 4 3 5 5 5 5 5 5
0 0 2
0 1 2
0 2 1
0 2 3
0 2 4
0 2 5
0 2 6
0 2 7
0 4 2
0 0 4 2
0 0 4 3
0 1 4 3
0 5 7 4
0 7 4 5
0 0 1 4 3
0 0 4 3 4
0 2 5 4 5
0 2 5 5 1
0 2 5 5 4
0 2 5 7 4
0 2 7 4 5
0 2 7 5 5
0 5 5 4 5
0 5 7 4 5
0 0 1 3 5 4
0 0 1 4 3 4
0 0 1 4 3 6
0 0 1 5 5 4
0 0 4 3 5 6
0 0 4 5 4 5
0 1 3 5 4 5
0 1 3 5 5 4
0 2 5 5 1 5
0 2 5 5 4 5
0 0 1 2 5 7 4
0 0 4 2 5 5 4
0 0 4 3 5 4 6
0 0 4 3 5 5 4
0 1 4 3 5 4 5
0 1 4 3 5 5 4
0 0 1 4 3 5 5 4
0 0 4 2 5 4 5 1
0 0 4 2 5 5 4 5
0 1 4 2 5 5 4 5
0 1 4 3 5 5 4 5
0 4 2 5 5 4 5 5
0 4 5 1 5 4 5 5
0 0 4 2 5 5 4 5 5
0 1 4 2 5 5 4 5 5
0 1 4 3 5 4 5 1 5
0 1 4 3 5 5 4 5 5
